[35, 11, 33, 3, 26, 22, 4, 9, 13, 23, 29, 15, 8, 21, 37, 2, 12, 10, 30, 34, 1, 25, 16, 38, 20, 31, 14, 5, 17, 24, 6, 7, 28, 19, 18, 36]  ->  (1876, 28)
Number of iterations:  50

[35, 21, 7, 5, 1, 31, 25, 9, 13, 23, 29, 15, 8, 33, 37, 2, 3, 10, 30, 34, 27, 17, 16, 38, 20, 22, 14, 11, 12, 24, 6, 4, 28, 19, 18, 36] -> (1820, 28)
Number of iterations: 69

[31, 11, 7, 5, 3, 4, 32, 9, 13, 23, 35, 15, 8, 12, 37, 2, 25, 21, 30, 34, 1, 27, 16, 38, 20, 22, 14, 29, 17, 24, 6, 10, 28, 19, 18, 36] --> 1820 : 28/36
Number of iterations: 50

[25, 11, 7, 26, 5, 4, 27, 9, 13, 23, 35, 15, 8, 22, 37, 2, 12, 21, 30, 34, 1, 17, 16, 38, 20, 32, 14, 29, 31, 24, 6, 10, 28, 19, 18, 36] --> 1820  -  28 / 36
Number of iterations: 50

[35, 11, 3, 31, 1, 22, 26, 9, 13, 23, 29, 15, 8, 25, 37, 2, 7, 10, 30, 34, 27, 17, 16, 38, 20, 21, 14, 33, 5, 24, 6, 12, 28, 19, 18, 36] --> 1876  -  28 / 36
Number of iterations: 1000

[7, 11, 21, 35, 1, 3, 26, 23, 13, 30, 29, 15, 8, 5, 37, 2, 25, 10, 27, 34, 4, 17, 16, 38, 20, 22, 14, 32, 9, 24, 6, 12, 28, 19, 18, 36] --> 28 - (28, [12, 11, 5])
Number of iterations: 410


[35, 11, 27, 7, 1, 33, 21, 9, 13, 23, 29, 15, 8, 22, 37, 2, 26, 10, 30, 34, 3, 17, 16, 38, 20, 4, 14, 5, 12, 24, 6, 25, 28, 19, 18, 36] --> 28 - (28, [15, 9, 4])
[35, 11, 27, 12, 1, 33, 4, 23, 13, 37, 29, 9, 8, 21, 15, 2, 7, 10, 30, 34, 3, 26, 16, 38, 20, 25, 14, 22, 17, 24, 6, 5, 28, 19, 18, 36] --> 28 - (28, [14, 9, 5])
[35, 11, 3, 32, 4, 26, 21, 9, 13, 23, 29, 15, 8, 12, 37, 2, 7, 10, 30, 34, 1, 17, 16, 38, 20, 27, 14, 22, 25, 24, 6, 5, 28, 19, 18, 36] --> 28 - (28, [15, 9, 4])
[35, 10, 33, 7, 3, 22, 5, 23, 13, 30, 29, 15, 8, 26, 37, 2, 25, 21, 4, 34, 1, 17, 16, 38, 20, 27, 14, 11, 9, 24, 6, 12, 28, 19, 18, 36] --> 28 - (28, [14, 8, 6])
Number of iterations: 2700


[35, 11, 7, 3, 26, 27, 22, 9, 13, 23, 29, 15, 8, 12, 37, 2, 25, 21, 30, 34, 1, 17, 16, 38, 20, 4, 14, 5, 31, 24, 6, 10, 28, 19, 18, 36] -> 29675:(28, [16, 7, 5])
Number of iterations: 14600

[35, 11, 7, 12, 4, 22, 33, 9, 13, 23, 29, 15, 8, 25, 37, 2, 5, 21, 30, 34, 1, 17, 16, 38, 20, 26, 14, 3, 27, 24, 6, 10, 28, 19, 18, 36] -> 29675:(28, [16, 7, 5])
[35, 11, 5, 7, 4, 27, 25, 9, 13, 23, 29, 15, 8, 22, 37, 2, 32, 21, 30, 34, 1, 17, 16, 38, 20, 26, 14, 12, 3, 24, 6, 10, 28, 19, 18, 36] -> 29675:(28, [16, 7, 5])
Number of iterations: 14800

[35, 11, 7, 12, 26, 22, 3, 9, 13, 23, 29, 15, 8, 27, 37, 2, 5, 21, 30, 34, 1, 31, 16, 38, 20, 4, 14, 25, 17, 24, 6, 10, 28, 19, 18, 36] -> 29675:(28, [16, 7, 5])
Number of iterations: 50, time: 26.06 seconds.

[31, 11, 12, 35, 27, 32, 33, 9, 13, 23, 29, 15, 8, 25, 37, 2, 7, 21, 30, 34, 1, 17, 16, 38, 20, 22, 14, 5, 26, 24, 6, 10, 28, 19, 18, 36] -> 29576:(28, [15, 7, 6])
Number of iterations: 50, time: 34.08 seconds.

[35, 11, 31, 5, 1, 21, 12, 9, 13, 23, 29, 15, 8, 25, 37, 2, 7, 10, 30, 34, 33, 17, 16, 38, 20, 26, 14, 22, 27, 24, 6, 32, 28, 19, 18, 36] -> 29594:(28, [15, 9, 4])
Number of iterations: 729, time: 1256.77 seconds.

[35, 11, 12, 7, 31, 33, 26, 9, 13, 23, 29, 15, 8, 22, 37, 2, 32, 21, 30, 34, 1, 27, 16, 38, 20, 5, 14, 25, 17, 24, 6, 10, 28, 19, 18, 36] -> 29675:(28, [16, 7, 5])
Number of iterations: 28, time: 34.22 seconds.


[35, 11, 32, 3, 1, 22, 26, 9, 13, 23, 29, 15, 8, 12, 37, 2, 7, 21, 30, 34, 27, 17, 16, 38, 20, 31, 14, 5, 25, 24, 6, 10, 28, 19, 18, 36] -> 29675:(28, [16, 7, 5])
Number of iterations: 667, time: 1071.09 seconds.

[35, 11, 25, 27, 31, 5, 26, 9, 13, 23, 29, 15, 8, 22, 37, 2, 7, 21, 30, 34, 1, 33, 16, 38, 20, 12, 14, 32, 17, 24, 6, 10, 28, 19, 18, 36] -> 29675:(28, [16, 7, 5])
Number of iterations: 11448, time: 14123.97 seconds.

[35, 11, 12, 25, 31, 3, 26, 9, 13, 23, 29, 15, 8, 32, 37, 2, 7, 21, 30, 34, 1, 5, 16, 38, 20, 27, 14, 22, 17, 24, 6, 10, 28, 19, 18, 36] -> 29675:(28, [16, 7, 5])
Number of iterations: 3290, time: 50.67 seconds.
